# Created by Octave 3.8.1, Mon Jul 11 00:08:14 2016 PDT <lucas@hellyeah>
# name: data
# type: matrix
# rows: 1002
# columns: 2
 0 1
 0.75 0.25
 0.08428812026977539 0.09841394424438477
 0.06987309455871582 0.1255340576171875
 0.06260204315185547 0.1182761192321777
 0.05602908134460449 0.1260128021240234
 0.06309604644775391 0.1221609115600586
 0.07169699668884277 0.1256170272827148
 0.06265091896057129 0.1185410022735596
 0.05770111083984375 0.1266210079193115
 0.05691289901733398 0.1267189979553223
 0.0525970458984375 0.1225540637969971
 0.05144095420837402 0.1170988082885742
 0.07873392105102539 0.1245319843292236
 0.07274389266967773 0.1254441738128662
 0.06093096733093262 0.1256809234619141
 0.05589985847473145 0.1227109432220459
 0.05294108390808105 0.1252539157867432
 0.0539240837097168 0.1215829849243164
 0.05412101745605469 0.1247148513793945
 0.05385899543762207 0.1192750930786133
 0.05175399780273438 0.1261310577392578
 0.05422687530517578 0.1253969669342041
 0.05605101585388184 0.1259210109710693
 0.07172799110412598 0.1237621307373047
 0.06571197509765625 0.1248528957366943
 0.07548403739929199 0.1250159740447998
 0.06889796257019043 0.121671199798584
 0.05789995193481445 0.1211650371551514
 0.080718994140625 0.1240098476409912
 0.07117605209350586 0.126859188079834
 0.06064391136169434 0.1234679222106934
 0.05567693710327148 0.1229269504547119
 0.05292081832885742 0.1243019104003906
 0.07076215744018555 0.1265890598297119
 0.07880187034606934 0.1236851215362549
 0.08453106880187988 0.1223461627960205
 0.07552003860473633 0.1266889572143555
 0.06899714469909668 0.1227500438690186
 0.05813002586364746 0.122736930847168
 0.05639290809631348 0.1225910186767578
 0.07104897499084473 0.1239328384399414
 0.05681490898132324 0.1429760456085205
 0.06696796417236328 0.1193690299987793
 0.0674889087677002 0.1244950294494629
 0.05920195579528809 0.122279167175293
 0.07399606704711914 0.1236100196838379
 0.05699419975280762 0.1257190704345703
 0.05202007293701172 0.1208920478820801
 0.05350399017333984 0.1257100105285645
 0.05515217781066895 0.1153910160064697
 0.05968904495239258 0.1256179809570312
 0.08006000518798828 0.1225349903106689
 0.06559896469116211 0.1214849948883057
 0.08021306991577148 0.1232831478118896
 0.08392500877380371 0.1266419887542725
 0.08468198776245117 0.1212449073791504
 0.06907510757446289 0.1261119842529297
 0.07106995582580566 0.1259920597076416
 0.06366395950317383 0.1273469924926758
 0.05789089202880859 0.1211440563201904
 0.07500505447387695 0.1242718696594238
 0.06765413284301758 0.1244661808013916
 0.0638740062713623 0.1228091716766357
 0.05710697174072266 0.1094150543212891
 0.07058119773864746 0.12483811378479
 0.06415295600891113 0.1241121292114258
 0.05925512313842773 0.1245079040527344
 0.0546109676361084 0.1259829998016357
 0.05526494979858398 0.1233720779418945
 0.05275893211364746 0.1240530014038086
 0.05164098739624023 0.1269440650939941
 0.05449581146240234 0.1235380172729492
 0.05649590492248535 0.121967077255249
 0.06256699562072754 0.1137731075286865
 0.05488705635070801 0.1209452152252197
 0.0527498722076416 0.1257050037384033
 0.05381608009338379 0.1237800121307373
 0.05381107330322266 0.1234078407287598
 0.05468297004699707 0.1271040439605713
 0.05945706367492676 0.1258800029754639
 0.06544589996337891 0.122776985168457
 0.06119704246520996 0.1360368728637695
 0.08008503913879395 0.1267948150634766
 0.06690096855163574 0.1225669384002686
 0.05762100219726562 0.1247680187225342
 0.05492401123046875 0.1261811256408691
 0.06875991821289062 0.1289539337158203
 0.07965397834777832 0.1219828128814697
 0.07083392143249512 0.1292521953582764
 0.06051301956176758 0.123600959777832
 0.07142400741577148 0.1222710609436035
 0.05877590179443359 0.1224818229675293
 0.05649900436401367 0.1246721744537354
 0.05438685417175293 0.1240429878234863
 0.05483889579772949 0.1268889904022217
 0.07890200614929199 0.1252231597900391
 0.06719398498535156 0.1264290809631348
 0.06109905242919922 0.1234068870544434
 0.08053088188171387 0.1249990463256836
 0.06921005249023438 0.1222951412200928
 0.06227993965148926 0.1238830089569092
 0.07128810882568359 0.1263480186462402
 0.08162379264831543 0.1312270164489746
 0.07635402679443359 0.1256160736083984
 0.06373095512390137 0.1266520023345947
 0.08060979843139648 0.1238620281219482
 0.06814908981323242 0.1260380744934082
 0.0764768123626709 0.1241428852081299
 0.06916499137878418 0.1240239143371582
 0.08626413345336914 0.1218461990356445
 0.0644528865814209 0.1228499412536621
 0.0583651065826416 0.1228618621826172
 0.07925176620483398 0.1224939823150635
 0.06424999237060547 0.1260099411010742
 0.05765008926391602 0.1268408298492432
 0.05645895004272461 0.124168872833252
 0.05281400680541992 0.1272010803222656
 0.05297708511352539 0.1252219676971436
 0.05479001998901367 0.1227381229400635
 0.07751798629760742 0.1232979297637939
 0.07457900047302246 0.1220800876617432
 0.08919501304626465 0.1236021518707275
 0.07059693336486816 0.1263020038604736
 0.06196093559265137 0.1225929260253906
 0.0796351432800293 0.1227879524230957
 0.08346199989318848 0.1238799095153809
 0.08568906784057617 0.1240389347076416
 0.07273411750793457 0.1273739337921143
 0.08957004547119141 0.1251599788665771
 0.06981897354125977 0.1268160343170166
 0.07459020614624023 0.1217179298400879
 0.06611204147338867 0.123370885848999
 0.06067299842834473 0.1157021522521973
 0.06020593643188477 0.1245841979980469
 0.06210494041442871 0.1227328777313232
 0.07649588584899902 0.1216599941253662
 0.06205916404724121 0.126474142074585
 0.07979393005371094 0.1215419769287109
 0.0694730281829834 0.12158203125
 0.06364583969116211 0.123723030090332
 0.05559802055358887 0.1269199848175049
 0.08226418495178223 0.1263139247894287
 0.06920385360717773 0.1266090869903564
 0.06263113021850586 0.1247730255126953
 0.08181309700012207 0.1257340908050537
 0.06926679611206055 0.1192460060119629
 0.07404112815856934 0.1204180717468262
 0.0812530517578125 0.1264710426330566
 0.07833099365234375 0.1221840381622314
 0.08333086967468262 0.1236600875854492
 0.07813501358032227 0.1062848567962646
 0.07001495361328125 0.1281988620758057
 0.07939910888671875 0.1241049766540527
 0.06769585609436035 0.1277480125427246
 0.05869889259338379 0.1222119331359863
 0.05343198776245117 0.1248440742492676
 0.05279302597045898 0.1242761611938477
 0.07045602798461914 0.1239109039306641
 0.06138801574707031 0.1234781742095947
 0.05963993072509766 0.1265690326690674
 0.05173802375793457 0.1238069534301758
 0.05289697647094727 0.1228969097137451
 0.05232095718383789 0.1107988357543945
 0.05274581909179688 0.126535177230835
 0.05392313003540039 0.1261820793151855
 0.07146000862121582 0.1221458911895752
 0.07191205024719238 0.1233580112457275
 0.07833099365234375 0.1220178604125977
 0.07993412017822266 0.1251130104064941
 0.08545708656311035 0.1277191638946533
 0.06998991966247559 0.1197497844696045
 0.05990910530090332 0.1247391700744629
 0.05171084403991699 0.1243619918823242
 0.0550999641418457 0.1263699531555176
 0.05276799201965332 0.1222851276397705
 0.05257201194763184 0.1227991580963135
 0.05321002006530762 0.1246359348297119
 0.0554969310760498 0.1216530799865723
 0.07593083381652832 0.1246151924133301
 0.08158588409423828 0.1256189346313477
 0.07087588310241699 0.122384786605835
 0.07253003120422363 0.1267790794372559
 0.06267905235290527 0.1221308708190918
 0.06998705863952637 0.1224489212036133
 0.06334614753723145 0.1220760345458984
 0.05801796913146973 0.1239340305328369
 0.06684589385986328 0.1211638450622559
 0.08110213279724121 0.1268389225006104
 0.06081581115722656 0.1253719329833984
 0.07202720642089844 0.1257150173187256
 0.0672299861907959 0.1252617835998535
 0.05892395973205566 0.1273479461669922
 0.06015491485595703 0.1256561279296875
 0.05736088752746582 0.1224548816680908
 0.05480003356933594 0.1240689754486084
 0.05931591987609863 0.126439094543457
 0.05305600166320801 0.1229279041290283
 0.05290889739990234 0.1233458518981934
 0.07560205459594727 0.1240959167480469
 0.0636439323425293 0.121924877166748
 0.07355809211730957 0.128587007522583
 0.06467914581298828 0.1152048110961914
 0.1349520683288574 0.1236851215362549
 0.08328604698181152 0.1259570121765137
 0.06821799278259277 0.121333122253418
 0.07011914253234863 0.1235780715942383
 0.05672812461853027 0.126183032989502
 0.05557894706726074 0.1256968975067139
 0.05436491966247559 0.1265580654144287
 0.05379390716552734 0.1246130466461182
 0.0540621280670166 0.1208610534667969
 0.06414794921875 0.1212949752807617
 0.05340218544006348 0.1227419376373291
 0.05525493621826172 0.1296899318695068
 0.07685494422912598 0.1236929893493652
 0.07218313217163086 0.1248228549957275
 0.07362699508666992 0.122251033782959
 0.08435392379760742 0.1238698959350586
 0.07179498672485352 0.1227128505706787
 0.0738990306854248 0.1242079734802246
 0.0843050479888916 0.1219010353088379
 0.0829620361328125 0.1238141059875488
 0.08202099800109863 0.1251230239868164
 0.0755159854888916 0.1267101764678955
 0.06701397895812988 0.1229708194732666
 0.06646609306335449 0.1252989768981934
 0.06050992012023926 0.1260221004486084
 0.05520296096801758 0.1237812042236328
 0.06960105895996094 0.1218268871307373
 0.0740509033203125 0.1223599910736084
 0.07905912399291992 0.1229770183563232
 0.06223011016845703 0.1206910610198975
 0.05474305152893066 0.1258900165557861
 0.05264687538146973 0.1267619132995605
 0.07301902770996094 0.1165740489959717
 0.06850004196166992 0.1209931373596191
 0.08207321166992188 0.1253118515014648
 0.0786130428314209 0.1249780654907227
 0.06805610656738281 0.1218569278717041
 0.05919384956359863 0.1217191219329834
 0.06511807441711426 0.1237068176269531
 0.05745291709899902 0.1200411319732666
 0.05348706245422363 0.1254010200500488
 0.05580687522888184 0.1234490871429443
 0.08467888832092285 0.1252779960632324
 0.06905698776245117 0.1215729713439941
 0.06752681732177734 0.1218259334564209
 0.07474398612976074 0.1239440441131592
 0.07466793060302734 0.1231849193572998
 0.06048417091369629 0.1223671436309814
 0.05444502830505371 0.127424955368042
 0.05394101142883301 0.1241359710693359
 0.05856204032897949 0.1261000633239746
 0.07914090156555176 0.1238880157470703
 0.06804895401000977 0.1255538463592529
 0.05964303016662598 0.124025821685791
 0.05435800552368164 0.1225230693817139
 0.05347919464111328 0.1208291053771973
 0.07336902618408203 0.1238479614257812
 0.08079719543457031 0.1246979236602783
 0.0666511058807373 0.1267509460449219
 0.05821013450622559 0.1228499412536621
 0.06850504875183105 0.1272809505462646
 0.06220698356628418 0.1218299865722656
 0.07974791526794434 0.1229250431060791
 0.06763410568237305 0.128054141998291
 0.05518102645874023 0.1262798309326172
 0.05517101287841797 0.1226241588592529
 0.05748510360717773 0.126370906829834
 0.07376289367675781 0.1235461235046387
 0.07858490943908691 0.1249790191650391
 0.07099199295043945 0.1260178089141846
 0.06218791007995605 0.1255919933319092
 0.08369302749633789 0.1278219223022461
 0.08449006080627441 0.1228189468383789
 0.08838415145874023 0.1263480186462402
 0.07144403457641602 0.1244759559631348
 0.05877208709716797 0.1208930015563965
 0.0537879467010498 0.1221380233764648
 0.05378508567810059 0.1212689876556396
 0.0549781322479248 0.1273820400238037
 0.07934999465942383 0.1262137889862061
 0.06429290771484375 0.1259801387786865
 0.06824612617492676 0.1235420703887939
 0.07295894622802734 0.1253678798675537
 0.07418584823608398 0.1227939128875732
 0.06443595886230469 0.124208927154541
 0.05984902381896973 0.1204149723052979
 0.07329106330871582 0.1221778392791748
 0.08517813682556152 0.1248779296875
 0.07019400596618652 0.1259970664978027
 0.07005786895751953 0.1262068748474121
 0.0610051155090332 0.1226980686187744
 0.05539703369140625 0.1239299774169922
 0.06358003616333008 0.1206300258636475
 0.05721402168273926 0.122251033782959
 0.05632781982421875 0.1263649463653564
 0.06227207183837891 0.1229679584503174
 0.05567693710327148 0.1261959075927734
 0.06900596618652344 0.1226959228515625
 0.0573570728302002 0.1308691501617432
 0.06313991546630859 0.1228199005126953
 0.05581879615783691 0.126701831817627
 0.05810809135437012 0.1280951499938965
 0.07934379577636719 0.1226279735565186
 0.06724905967712402 0.1232650279998779
 0.06076192855834961 0.1214978694915771
 0.05463004112243652 0.122744083404541
 0.05607891082763672 0.1235780715942383
 0.05324411392211914 0.1263039112091064
 0.08442807197570801 0.1224510669708252
 0.07174086570739746 0.122995138168335
 0.06258296966552734 0.128997802734375
 0.08151698112487793 0.1232941150665283
 0.08058381080627441 0.1243510246276855
 0.08246111869812012 0.124547004699707
 0.07703185081481934 0.1223680973052979
 0.06856703758239746 0.1231980323791504
 0.06113791465759277 0.1221590042114258
 0.07185697555541992 0.126533031463623
 0.06320405006408691 0.1161940097808838
 0.05404400825500488 0.1228570938110352
 0.08046889305114746 0.1257410049438477
 0.08370184898376465 0.1241750717163086
 0.07178282737731934 0.1264851093292236
 0.06303000450134277 0.1232900619506836
 0.05587291717529297 0.1254088878631592
 0.0538640022277832 0.1220810413360596
 0.07648491859436035 0.1229410171508789
 0.08207011222839355 0.1258769035339355
 0.07124900817871094 0.1244299411773682
 0.07347702980041504 0.1086740493774414
 0.07243108749389648 0.1248149871826172
 0.06514692306518555 0.1290898323059082
 0.08065009117126465 0.1266911029815674
 0.06850004196166992 0.1267971992492676
 0.06195783615112305 0.1231179237365723
 0.0771639347076416 0.1276290416717529
 0.06877613067626953 0.1246559619903564
 0.06361913681030273 0.1269080638885498
 0.07506608963012695 0.1249830722808838
 0.0717620849609375 0.1258280277252197
 0.06596183776855469 0.1242070198059082
 0.05779719352722168 0.122873067855835
 0.07385706901550293 0.1226160526275635
 0.06438302993774414 0.1217279434204102
 0.08447003364562988 0.1156570911407471
 0.07870292663574219 0.123399019241333
 0.06685400009155273 0.121938943862915
 0.06082296371459961 0.1215879917144775
 0.07963299751281738 0.1218161582946777
 0.06998014450073242 0.1212999820709229
 0.06263303756713867 0.1214981079101562
 0.0577089786529541 0.1273231506347656
 0.06296801567077637 0.1262409687042236
 0.05446100234985352 0.1216771602630615
 0.05423498153686523 0.122931957244873
 0.06868982315063477 0.122905969619751
 0.07055091857910156 0.1197941303253174
 0.08343696594238281 0.1260299682617188
 0.06967496871948242 0.1256110668182373
 0.0805809497833252 0.1209311485290527
 0.07480812072753906 0.1244149208068848
 0.08064699172973633 0.1292829513549805
 0.0615990161895752 0.1221580505371094
 0.05881786346435547 0.1254138946533203
 0.07614898681640625 0.1201357841491699
 0.07998490333557129 0.1237950325012207
 0.08649396896362305 0.1234450340270996
 0.08495497703552246 0.1264240741729736
 0.06681084632873535 0.1244738101959229
 0.06244707107543945 0.1261711120605469
 0.05373096466064453 0.1246700286865234
 0.05749297142028809 0.1237189769744873
 0.05280399322509766 0.1224241256713867
 0.08257198333740234 0.1229281425476074
 0.0675661563873291 0.1247909069061279
 0.05676889419555664 0.1242311000823975
 0.05619096755981445 0.1228101253509521
 0.05613803863525391 0.1227669715881348
 0.05434823036193848 0.1242179870605469
 0.06703090667724609 0.1197850704193115
 0.07903695106506348 0.1251850128173828
 0.0751500129699707 0.128572940826416
 0.08016610145568848 0.1256999969482422
 0.06522393226623535 0.1235339641571045
 0.06581807136535645 0.1226470470428467
 0.05466198921203613 0.1244518756866455
 0.07088398933410645 0.1262359619140625
 0.05945110321044922 0.1262609958648682
 0.08597397804260254 0.1258759498596191
 0.07065415382385254 0.1233000755310059
 0.06539583206176758 0.1125349998474121
 0.05900096893310547 0.1256120204925537
 0.05529117584228516 0.1230919361114502
 0.07288599014282227 0.1251120567321777
 0.05972599983215332 0.1200680732727051
 0.05569005012512207 0.1221609115600586
 0.08038020133972168 0.1235501766204834
 0.06790685653686523 0.1265058517456055
 0.08077096939086914 0.1258971691131592
 0.07155609130859375 0.122081995010376
 0.05801010131835938 0.1239478588104248
 0.0799410343170166 0.122103214263916
 0.07961702346801758 0.1260499954223633
 0.06634807586669922 0.123060941696167
 0.05871415138244629 0.1304409503936768
 0.05541300773620605 0.1274089813232422
 0.05292105674743652 0.123572826385498
 0.06635713577270508 0.1229279041290283
 0.06140494346618652 0.1246659755706787
 0.05498504638671875 0.124830961227417
 0.05357909202575684 0.1230330467224121
 0.07028412818908691 0.1244549751281738
 0.06128692626953125 0.1260380744934082
 0.05665087699890137 0.1245689392089844
 0.05399799346923828 0.1254990100860596
 0.06805610656738281 0.1250429153442383
 0.08171296119689941 0.1224269866943359
 0.08318305015563965 0.1209080219268799
 0.07756209373474121 0.1229350566864014
 0.07943391799926758 0.1277828216552734
 0.06754207611083984 0.128399133682251
 0.05867099761962891 0.1228630542755127
 0.05287003517150879 0.1239049434661865
 0.05305695533752441 0.1227099895477295
 0.06754302978515625 0.1244471073150635
 0.07435417175292969 0.1247680187225342
 0.08464598655700684 0.125493049621582
 0.07227706909179688 0.12459397315979
 0.07691407203674316 0.128046989440918
 0.08341598510742188 0.1222028732299805
 0.08042097091674805 0.1279029846191406
 0.08289694786071777 0.1208231449127197
 0.07081222534179688 0.1234869956970215
 0.06179404258728027 0.1225380897521973
 0.05806398391723633 0.1232709884643555
 0.06163716316223145 0.1241939067840576
 0.05606889724731445 0.1226279735565186
 0.06068992614746094 0.1260459423065186
 0.0679171085357666 0.1275589466094971
 0.0600121021270752 0.1288778781890869
 0.05621099472045898 0.1250150203704834
 0.07938599586486816 0.1258370876312256
 0.07734894752502441 0.1272690296173096
 0.06305098533630371 0.1236770153045654
 0.06052017211914062 0.1259140968322754
 0.05507206916809082 0.1246118545532227
 0.06600213050842285 0.1252338886260986
 0.05611205101013184 0.1266648769378662
 0.07986283302307129 0.1262199878692627
 0.07637405395507812 0.1234760284423828
 0.08212685585021973 0.1243019104003906
 0.0710151195526123 0.1231420040130615
 0.06080198287963867 0.1220519542694092
 0.05555391311645508 0.1258430480957031
 0.0836789608001709 0.1260972023010254
 0.08657312393188477 0.126276969909668
 0.0721440315246582 0.1238029003143311
 0.06954503059387207 0.1234240531921387
 0.08238005638122559 0.1220519542694092
 0.0812680721282959 0.1214649677276611
 0.08148097991943359 0.1226630210876465
 0.08434605598449707 0.1231400966644287
 0.08633899688720703 0.1269340515136719
 0.0745091438293457 0.1231229305267334
 0.06427192687988281 0.1227779388427734
 0.08118104934692383 0.1226308345794678
 0.06547212600708008 0.1200199127197266
 0.05828595161437988 0.1276700496673584
 0.05433416366577148 0.1268060207366943
 0.07041811943054199 0.1263329982757568
 0.06628990173339844 0.1214778423309326
 0.07245182991027832 0.1234409809112549
 0.06264710426330566 0.1225309371948242
 0.08585095405578613 0.1255919933319092
 0.07024312019348145 0.1220841407775879
 0.0653231143951416 0.1266460418701172
 0.05854511260986328 0.1250219345092773
 0.07018685340881348 0.1235229969024658
 0.0782470703125 0.1242849826812744
 0.0773470401763916 0.1244029998779297
 0.08070802688598633 0.1216027736663818
 0.08263587951660156 0.1223559379577637
 0.07018804550170898 0.1221020221710205
 0.07436895370483398 0.1264760494232178
 0.06560897827148438 0.1273632049560547
 0.08387088775634766 0.1234629154205322
 0.08071303367614746 0.12117600440979
 0.06447601318359375 0.124021053314209
 0.05979490280151367 0.1215951442718506
 0.07794404029846191 0.1199090480804443
 0.06825709342956543 0.1224029064178467
 0.05699396133422852 0.1233170032501221
 0.0544281005859375 0.1231698989868164
 0.07822394371032715 0.1276359558105469
 0.06861782073974609 0.1257829666137695
 0.07949709892272949 0.1252150535583496
 0.07099318504333496 0.1263470649719238
 0.0722651481628418 0.1241209506988525
 0.08360195159912109 0.1273400783538818
 0.08382201194763184 0.1256680488586426
 0.06863784790039062 0.127467155456543
 0.06208300590515137 0.1212060451507568
 0.05869698524475098 0.1258540153503418
 0.05312299728393555 0.125593900680542
 0.05417490005493164 0.1220071315765381
 0.05360293388366699 0.1223881244659424
 0.05415201187133789 0.1245541572570801
 0.08048701286315918 0.12654709815979
 0.06903505325317383 0.1266059875488281
 0.08076715469360352 0.1248428821563721
 0.07195901870727539 0.1292579174041748
 0.06514596939086914 0.1281337738037109
 0.05940890312194824 0.1226339340209961
 0.05410599708557129 0.1222479343414307
 0.05265498161315918 0.1229269504547119
 0.05286192893981934 0.1245908737182617
 0.05872297286987305 0.1243648529052734
 0.05462789535522461 0.1260280609130859
 0.05449080467224121 0.1225419044494629
 0.05311703681945801 0.1224920749664307
 0.06419897079467773 0.1228759288787842
 0.05897402763366699 0.1261820793151855
 0.06654214859008789 0.1252920627593994
 0.06092715263366699 0.1236519813537598
 0.05358600616455078 0.1226210594177246
 0.05917096138000488 0.1236381530761719
 0.05821514129638672 0.1235508918762207
 0.05663490295410156 0.1260890960693359
 0.05325603485107422 0.1223318576812744
 0.05445098876953125 0.1267290115356445
 0.05248498916625977 0.1197750568389893
 0.05320096015930176 0.1229050159454346
 0.05827903747558594 0.1272921562194824
 0.05463290214538574 0.1209988594055176
 0.05370306968688965 0.1269679069519043
 0.05703210830688477 0.1262228488922119
 0.0837409496307373 0.1285140514373779
 0.07046198844909668 0.123913049697876
 0.08685898780822754 0.1224780082702637
 0.07467985153198242 0.1230130195617676
 0.06497502326965332 0.1228580474853516
 0.05578708648681641 0.1211490631103516
 0.05600714683532715 0.1238799095153809
 0.05418610572814941 0.1250860691070557
 0.05539703369140625 0.1244051456451416
 0.0547797679901123 0.1211888790130615
 0.07492494583129883 0.12493896484375
 0.06423687934875488 0.127086877822876
 0.05623197555541992 0.1282060146331787
 0.05411791801452637 0.1237151622772217
 0.07787299156188965 0.1233270168304443
 0.07317495346069336 0.1221210956573486
 0.06583404541015625 0.1237239837646484
 0.05640697479248047 0.122053861618042
 0.05289196968078613 0.121668815612793
 0.06192898750305176 0.1254489421844482
 0.05331087112426758 0.1265239715576172
 0.07516288757324219 0.1444919109344482
 0.05970311164855957 0.1175038814544678
 0.056488037109375 0.1243438720703125
 0.08044099807739258 0.1210060119628906
 0.06627798080444336 0.126410961151123
 0.06060600280761719 0.1242132186889648
 0.07210493087768555 0.123183012008667
 0.05521106719970703 0.1231539249420166
 0.05189180374145508 0.1241269111633301
 0.05469202995300293 0.1231839656829834
 0.05935096740722656 0.1261560916900635
 0.0531151294708252 0.1249680519104004
 0.05317997932434082 0.1240170001983643
 0.0528721809387207 0.1262650489807129
 0.05414509773254395 0.1230490207672119
 0.06688904762268066 0.126025915145874
 0.07222890853881836 0.1276659965515137
 0.07339000701904297 0.125892162322998
 0.06105899810791016 0.1238088607788086
 0.05521011352539062 0.1237249374389648
 0.05506396293640137 0.1220800876617432
 0.05864906311035156 0.1259369850158691
 0.05788397789001465 0.1295771598815918
 0.0557091236114502 0.1228749752044678
 0.05489206314086914 0.1249761581420898
 0.08174777030944824 0.1244540214538574
 0.0650489330291748 0.1218349933624268
 0.05921816825866699 0.1221959590911865
 0.06871700286865234 0.1269748210906982
 0.06206607818603516 0.1258218288421631
 0.05492115020751953 0.1241679191589355
 0.05303287506103516 0.1250431537628174
 0.05744814872741699 0.122236967086792
 0.0552220344543457 0.1230578422546387
 0.05390691757202148 0.1251850128173828
 0.07931900024414062 0.1225450038909912
 0.06389999389648438 0.128169059753418
 0.07157611846923828 0.1250729560852051
 0.05787491798400879 0.122809886932373
 0.05457496643066406 0.1270570755004883
 0.05208611488342285 0.1419610977172852
 0.05355405807495117 0.1255338191986084
 0.05321002006530762 0.1266329288482666
 0.05341005325317383 0.1283318996429443
 0.05937886238098145 0.1251111030578613
 0.05802607536315918 0.1251530647277832
 0.0822899341583252 0.1253252029418945
 0.07445812225341797 0.1258718967437744
 0.06588220596313477 0.1262409687042236
 0.06778907775878906 0.1237690448760986
 0.05638504028320312 0.1269621849060059
 0.05356001853942871 0.1269340515136719
 0.08384609222412109 0.1269731521606445
 0.06686806678771973 0.1253118515014648
 0.06333780288696289 0.126370906829834
 0.05393409729003906 0.1229329109191895
 0.05383920669555664 0.1239809989929199
 0.08353281021118164 0.1236870288848877
 0.06988382339477539 0.1227011680603027
 0.0641169548034668 0.1231720447540283
 0.05458784103393555 0.1239559650421143
 0.0532529354095459 0.1215870380401611
 0.06079006195068359 0.1230020523071289
 0.08136796951293945 0.1261098384857178
 0.07636189460754395 0.1235420703887939
 0.06641411781311035 0.124500036239624
 0.06146001815795898 0.1234920024871826
 0.0801699161529541 0.1237549781799316
 0.08691906929016113 0.1267778873443604
 0.07364606857299805 0.1234939098358154
 0.06695795059204102 0.1221911907196045
 0.07578897476196289 0.1218030452728271
 0.06861305236816406 0.1257860660552979
 0.08498907089233398 0.1237189769744873
 0.07150602340698242 0.1247110366821289
 0.08517980575561523 0.1220810413360596
 0.07927513122558594 0.1227221488952637
 0.0716550350189209 0.1244409084320068
 0.06333684921264648 0.1235129833221436
 0.0572211742401123 0.1406400203704834
 0.05668210983276367 0.1194179058074951
 0.05260705947875977 0.1256439685821533
 0.05378413200378418 0.1249668598175049
 0.06832599639892578 0.1233839988708496
 0.08000612258911133 0.1246140003204346
 0.08394503593444824 0.1235380172729492
 0.07613086700439453 0.1247620582580566
 0.0614471435546875 0.1229701042175293
 0.05648398399353027 0.1288199424743652
 0.05214905738830566 0.1247959136962891
 0.05390810966491699 0.1227669715881348
 0.05418205261230469 0.1280150413513184
 0.05643296241760254 0.1269679069519043
 0.08580493927001953 0.122992992401123
 0.0763099193572998 0.1285109519958496
 0.06849503517150879 0.1231241226196289
 0.0584869384765625 0.1237320899963379
 0.05599784851074219 0.125464916229248
 0.05298709869384766 0.1204631328582764
 0.05787301063537598 0.1253988742828369
 0.06247687339782715 0.1246151924133301
 0.0546720027923584 0.1217710971832275
 0.08330512046813965 0.1235451698303223
 0.07245898246765137 0.1260449886322021
 0.08111286163330078 0.1247410774230957
 0.07122015953063965 0.1238420009613037
 0.06108903884887695 0.1243851184844971
 0.06038188934326172 0.1227970123291016
 0.07184195518493652 0.1211831569671631
 0.06406307220458984 0.1127619743347168
 0.0557868480682373 0.125931978225708
 0.05438804626464844 0.1256909370422363
 0.07897019386291504 0.1225268840789795
 0.06540679931640625 0.1226232051849365
 0.06484794616699219 0.1267220973968506
 0.07342696189880371 0.1231729984283447
 0.06226897239685059 0.1222848892211914
 0.05668401718139648 0.1261880397796631
 0.06401896476745605 0.1235809326171875
 0.07806396484375 0.1159908771514893
 0.07672405242919922 0.12300705909729
 0.06874608993530273 0.1238219738006592
 0.07401800155639648 0.1322021484375
 0.07054400444030762 0.1282680034637451
 0.07522320747375488 0.1245930194854736
 0.08405399322509766 0.1274709701538086
 0.0704340934753418 0.1227259635925293
 0.07808279991149902 0.1228320598602295
 0.07846999168395996 0.1278839111328125
 0.08144783973693848 0.1228640079498291
 0.06841897964477539 0.1240460872650146
 0.05891108512878418 0.1257479190826416
 0.05347299575805664 0.1230249404907227
 0.05356788635253906 0.1234719753265381
 0.07848191261291504 0.121600866317749
 0.06122088432312012 0.1262500286102295
 0.07838678359985352 0.1265599727630615
 0.08051919937133789 0.1239938735961914
 0.07084107398986816 0.12441086769104
 0.08223319053649902 0.1260480880737305
 0.06422805786132812 0.1269209384918213
 0.0588982105255127 0.1227278709411621
 0.05480790138244629 0.1241188049316406
 0.05330801010131836 0.1222069263458252
 0.05267810821533203 0.1241590976715088
 0.05169796943664551 0.1255338191986084
 0.05320596694946289 0.1234209537506104
 0.05361604690551758 0.1223821640014648
 0.05153489112854004 0.1229009628295898
 0.0740208625793457 0.1289701461791992
 0.05879306793212891 0.1196949481964111
 0.05299711227416992 0.1261909008026123
 0.05629205703735352 0.1197941303253174
 0.05470800399780273 0.1203780174255371
 0.05189895629882812 0.1253077983856201
 0.05343508720397949 0.1240489482879639
 0.0559840202331543 0.1243000030517578
 0.0615839958190918 0.1271078586578369
 0.07578301429748535 0.1226711273193359
 0.0840599536895752 0.124284029006958
 0.07590985298156738 0.1232979297637939
 0.0746610164642334 0.1236188411712646
 0.06449389457702637 0.123438835144043
 0.05657005310058594 0.1221959590911865
 0.05222797393798828 0.1252789497375488
 0.05345988273620605 0.1262338161468506
 0.08336210250854492 0.1245718002319336
 0.06428790092468262 0.1245789527893066
 0.08165383338928223 0.1258988380432129
 0.07021808624267578 0.1223978996276855
 0.08013391494750977 0.1214630603790283
 0.08204293251037598 0.1237778663635254
 0.0703270435333252 0.1264388561248779
 0.06427192687988281 0.1252429485321045
 0.05727696418762207 0.1159000396728516
 0.05344009399414062 0.1253969669342041
 0.05476593971252441 0.1208271980285645
 0.07937192916870117 0.1267180442810059
 0.08154487609863281 0.1238930225372314
 0.08524513244628906 0.1223628520965576
 0.06647992134094238 0.1260700225830078
 0.08583402633666992 0.1259071826934814
 0.07611894607543945 0.1163311004638672
 0.06453299522399902 0.1269559860229492
 0.05807185173034668 0.126168966293335
 0.06896114349365234 0.1252739429473877
 0.06474995613098145 0.1220881938934326
 0.07320594787597656 0.1265280246734619
 0.06978082656860352 0.126716136932373
 0.06555581092834473 0.1228070259094238
 0.06008005142211914 0.1261138916015625
 0.0830690860748291 0.1213150024414062
 0.07346606254577637 0.1208288669586182
 0.08468008041381836 0.1231749057769775
 0.08523392677307129 0.12876296043396
 0.08463191986083984 0.1252570152282715
 0.0847780704498291 0.1236891746520996
 0.08712100982666016 0.1241919994354248
 0.0697019100189209 0.1416380405426025
 0.06967496871948242 0.1264619827270508
 0.0636131763458252 0.1250169277191162
 0.05652499198913574 0.1227788925170898
 0.0601050853729248 0.1240019798278809
 0.07775592803955078 0.1223270893096924
 0.06542706489562988 0.1300671100616455
 0.06055784225463867 0.1234850883483887
 0.05702805519104004 0.1268959045410156
 0.06137418746948242 0.1280419826507568
 0.07665395736694336 0.1222400665283203
 0.08191490173339844 0.1262199878692627
 0.07033300399780273 0.1254889965057373
 0.06327581405639648 0.1249570846557617
 0.08488011360168457 0.1257338523864746
 0.08294510841369629 0.1244361400604248
 0.07178592681884766 0.1262619495391846
 0.06795787811279297 0.1231908798217773
 0.07265710830688477 0.1209859848022461
 0.08897495269775391 0.1221649646759033
 0.07913613319396973 0.1268360614776611
 0.06176400184631348 0.1262900829315186
 0.05506777763366699 0.1224849224090576
 0.05406498908996582 0.1220989227294922
 0.0554649829864502 0.1252188682556152
 0.07894492149353027 0.1260030269622803
 0.0600731372833252 0.122089147567749
 0.05590701103210449 0.123650074005127
 0.07455611228942871 0.1217520236968994
 0.08335685729980469 0.1230478286743164
 0.07945418357849121 0.125499963760376
 0.07606196403503418 0.1245710849761963
 0.08504295349121094 0.1235270500183105
 0.07091283798217773 0.1225550174713135
 0.072052001953125 0.1128630638122559
 0.07957911491394043 0.1211209297180176
 0.0681910514831543 0.1244020462036133
 0.06501388549804688 0.125842809677124
 0.05530786514282227 0.1252050399780273
 0.07763195037841797 0.1263940334320068
 0.07175993919372559 0.1238951683044434
 0.06297802925109863 0.1234691143035889
 0.0605471134185791 0.1243360042572021
 0.05575203895568848 0.1266279220581055
 0.05953598022460938 0.1241800785064697
 0.05316281318664551 0.1270959377288818
 0.07992887496948242 0.1265490055084229
 0.06987309455871582 0.1231670379638672
 0.06130695343017578 0.1221420764923096
 0.07505702972412109 0.1221580505371094
 0.08387112617492676 0.1158771514892578
 0.08263397216796875 0.1223669052124023
 0.08632612228393555 0.1247010231018066
 0.06998205184936523 0.1238281726837158
 0.06634211540222168 0.1238911151885986
 0.05956888198852539 0.1233589649200439
 0.07754397392272949 0.1244518756866455
 0.06420707702636719 0.123405933380127
 0.05933308601379395 0.1274869441986084
 0.0531470775604248 0.1257669925689697
 0.07631587982177734 0.1191551685333252
 0.06684207916259766 0.1231319904327393
 0.06074190139770508 0.1217770576477051
 0.05621695518493652 0.1308488845825195
 0.05350899696350098 0.1262459754943848
 0.06096100807189941 0.124190092086792
 0.07650303840637207 0.1254141330718994
 0.0788729190826416 0.122514009475708
 0.06352996826171875 0.1236538887023926
 0.0562281608581543 0.1261489391326904
 0.07881498336791992 0.125424861907959
 0.06772613525390625 0.1232919692993164
 0.06062793731689453 0.1256349086761475
 0.05399608612060547 0.123075008392334
 0.0516200065612793 0.1211729049682617
 0.05394291877746582 0.1237080097198486
 0.05362415313720703 0.1218969821929932
 0.05658817291259766 0.1244111061096191
 0.05957818031311035 0.1257889270782471
 0.054901123046875 0.1221940517425537
 0.06020092964172363 0.1269309520721436
 0.05592799186706543 0.1243891716003418
 0.0817561149597168 0.1283571720123291
 0.06962084770202637 0.1249969005584717
 0.06170392036437988 0.1259379386901855
 0.08218812942504883 0.1289680004119873
 0.07747697830200195 0.1276450157165527
 0.06382203102111816 0.129457950592041
 0.05834794044494629 0.1242930889129639
 0.07410001754760742 0.1114170551300049
 0.06618189811706543 0.09385800361633301
 0.05985593795776367 0.09337711334228516
 0.05799102783203125 0.1269299983978271
 0.05232405662536621 0.1278319358825684
 0.05205297470092773 0.1228029727935791
 0.08473610877990723 0.1237618923187256
 0.07920503616333008 0.1241438388824463
 0.07156491279602051 0.1223850250244141
 0.07766008377075195 0.1213898658752441
 0.08214378356933594 0.126194953918457
 0.0786278247833252 0.1264839172363281
 0.06743407249450684 0.1258180141448975
 0.07379508018493652 0.1243548393249512
 0.07739615440368652 0.1254920959472656
 0.07988905906677246 0.1259970664978027
 0.06846499443054199 0.1233770847320557
 0.05968904495239258 0.1228702068328857
 0.07990503311157227 0.1251101493835449
 0.07186198234558105 0.1259200572967529
 0.06066012382507324 0.1218669414520264
 0.06275391578674316 0.1240851879119873
 0.05761599540710449 0.1208648681640625
 0.05455708503723145 0.1218600273132324
 0.08234786987304688 0.1224930286407471
 0.07506918907165527 0.1256589889526367
 0.06317996978759766 0.1276218891143799
 0.06006693840026855 0.1238729953765869
 0.05637097358703613 0.1234328746795654
 0.05478382110595703 0.1241359710693359
 0.05760407447814941 0.1275649070739746
 0.05328512191772461 0.12369704246521
 0.05566191673278809 0.1254069805145264
 0.05503511428833008 0.1217861175537109
 0.05555176734924316 0.1262929439544678
 0.06521797180175781 0.1256771087646484
 0.05505084991455078 0.1214859485626221
 0.08185791969299316 0.1258220672607422
 0.07309079170227051 0.1250100135803223
 0.07092785835266113 0.1266219615936279
 0.06566596031188965 0.122791051864624
 0.05890798568725586 0.126291036605835
 0.05453991889953613 0.1261780261993408
 0.05358505249023438 0.1235260963439941
 0.08178591728210449 0.121790885925293
 0.07134103775024414 0.1271669864654541
 0.06434106826782227 0.12540602684021
 0.06040406227111816 0.1300182342529297
 0.0578608512878418 0.1226451396942139
 0.07725286483764648 0.1248550415039062
 0.07300615310668945 0.12518310546875
 0.07145214080810547 0.1210489273071289
 0.0811309814453125 0.1214771270751953
 0.07568097114562988 0.1234591007232666
 0.0632789134979248 0.1234440803527832
 0.0601041316986084 0.1248259544372559
 0.05835700035095215 0.1240139007568359
 0.05429482460021973 0.1263720989227295
 0.07963991165161133 0.1232938766479492
 0.08116507530212402 0.1238100528717041
 0.06297993659973145 0.1229679584503174
 0.0613100528717041 0.1251330375671387
 0.08322000503540039 0.12534499168396
 0.06999421119689941 0.1231961250305176
 0.07733321189880371 0.1261420249938965
 0.06952691078186035 0.1217339038848877
 0.0687260627746582 0.1286590099334717
 0.06592202186584473 0.1228480339050293
 0.0600578784942627 0.1246209144592285
 0.05265998840332031 0.1268360614776611
 0.05239295959472656 0.1262528896331787
 0.05872201919555664 0.1225450038909912
 0.08257102966308594 0.1264970302581787
 0.07216382026672363 0.1201179027557373
 0.06268000602722168 0.1265439987182617
 0.07761096954345703 0.124413013458252
 0.06633901596069336 0.1228539943695068
 0.06125712394714355 0.1208560466766357
 0.05439591407775879 0.1213679313659668
 0.05240797996520996 0.1267549991607666
 0.07868695259094238 0.1259479522705078
 0.06995391845703125 0.1206090450286865
 0.05997204780578613 0.1233019828796387
 0.05781292915344238 0.1240301132202148
 0.06690311431884766 0.1282520294189453
 0.05719113349914551 0.1237020492553711
 0.0541689395904541 0.1239078044891357
 0.05388689041137695 0.1136820316314697
 0.05383610725402832 0.121967077255249
 0.05425000190734863 0.1235499382019043
 0.072296142578125 0.122899055480957
 0.0790410041809082 0.1231479644775391
 0.08241701126098633 0.1244359016418457
 0.06822991371154785 0.1238701343536377
 0.08440995216369629 0.1246130466461182
 0.08326888084411621 0.1206810474395752
 0.08097720146179199 0.1271369457244873
 0.0840299129486084 0.1230080127716064
 0.06967401504516602 0.1264798641204834
 0.05751514434814453 0.1260571479797363
 0.0811159610748291 0.1206619739532471
 0.06740784645080566 0.1229009628295898
 0.05990195274353027 0.1244809627532959
 0.05315899848937988 0.1211369037628174
 0.05411291122436523 0.1170258522033691
 0.08369016647338867 0.1269769668579102
 0.06980609893798828 0.1240520477294922
 0.06966209411621094 0.1233811378479004
 0.07623195648193359 0.1237838268280029
 0.06661486625671387 0.1229510307312012
 0.06107997894287109 0.1480960845947266
 0.06160998344421387 0.1237430572509766
 0.06012701988220215 0.1264560222625732
 0.05241012573242188 0.1272070407867432
 0.07505202293395996 0.1235141754150391
 0.0574641227722168 0.1252410411834717
 0.06809687614440918 0.1242969036102295
 0.08172297477722168 0.1251988410949707
 0.06957888603210449 0.1252849102020264
 0.06118202209472656 0.125424861907959
 0.05952882766723633 0.1266250610351562
 0.07096195220947266 0.1291220188140869
 0.07709097862243652 0.1215598583221436
 0.08410120010375977 0.1262240409851074
 0.07230806350708008 0.1249730587005615
 0.07752108573913574 0.1247918605804443
 0.08013701438903809 0.12347412109375
 0.06686782836914062 0.125269889831543
 0.07557201385498047 0.1126458644866943
 0.07142090797424316 0.1272561550140381
 0.07454586029052734 0.1250879764556885
 0.06800293922424316 0.1241979598999023
 0.08168911933898926 0.1201109886169434
 0.08248496055603027 0.1270179748535156
 0.07013702392578125 0.1243250370025635
 0.07328915596008301 0.1251602172851562
 0.06460690498352051 0.12347412109375
 0.06095504760742188 0.1245181560516357
 0.0564119815826416 0.1215341091156006
 0.08327102661132812 0.1240620613098145
 0.08262896537780762 0.1229808330535889
 0.08519816398620605 0.1271100044250488
 0.08312201499938965 0.122730016708374
 0.08656811714172363 0.1280710697174072
 0.07119393348693848 0.1261119842529297
 0.06703591346740723 0.1266818046569824
 0.08027100563049316 0.1258258819580078
 0.0662388801574707 0.1149630546569824
 0.07003593444824219 0.12465500831604
 0.0838470458984375 0.1244950294494629
 0.0769200325012207 0.1275451183319092
 0.08210992813110352 0.1258890628814697
 0.07102084159851074 0.1215090751647949
 0.06090092658996582 0.1229889392852783
 0.05489301681518555 0.1244590282440186


