# name: data
# type: matrix
# rows: 1002
# columns: 2
0 1
0.5 0.5
0.08458590507507324 0.07769393920898438
0.07030606269836426 0.1044070720672607
0.0828709602355957 0.1055548191070557
0.08105111122131348 0.1051120758056641
0.07542586326599121 0.10111403465271
0.07268905639648438 0.09035515785217285
0.06479787826538086 0.1031639575958252
 0.05646705627441406 0.1022751331329346
 0.05307984352111816 0.1041228771209717
 0.05541110038757324 0.1018619537353516
 0.06969308853149414 0.1041929721832275
 0.08076786994934082 0.1019561290740967
 0.06123208999633789 0.09231901168823242
 0.0593721866607666 0.1060590744018555
 0.05762290954589844 0.09143590927124023
 0.05381011962890625 0.08628010749816895
 0.05200815200805664 0.1058840751647949
 0.05194187164306641 0.1001451015472412
 0.08154797554016113 0.08732080459594727
 0.06725406646728516 0.1036698818206787
 0.05727696418762207 0.09485292434692383
 0.05646586418151855 0.105381965637207
 0.05313801765441895 0.0903160572052002
 0.05465388298034668 0.1014540195465088
 0.05291199684143066 0.1064329147338867
 0.0786440372467041 0.09183382987976074
 0.06703901290893555 0.09258508682250977
 0.06241488456726074 0.1009831428527832
 0.05346107482910156 0.1023600101470947
 0.05149507522583008 0.1077759265899658
 0.07163596153259277 0.09518289566040039
 0.06159710884094238 0.08628487586975098
 0.07586503028869629 0.08069896697998047
 0.07295584678649902 0.1013331413269043
 0.06179690361022949 0.08861708641052246
 0.05891895294189453 0.1022059917449951
 0.07927417755126953 0.1048738956451416
 0.06410503387451172 0.09930586814880371
 0.08452296257019043 0.1058700084686279
 0.07468986511230469 0.102154016494751
 0.07989788055419922 0.10732102394104
 0.07085084915161133 0.1043260097503662
 0.06169390678405762 0.09087395668029785
 0.06124591827392578 0.1026918888092041
 0.05673789978027344 0.1071882247924805
 0.05460810661315918 0.1078569889068604
 0.05225610733032227 0.1031570434570312
 0.05277013778686523 0.09049892425537109
 0.05681896209716797 0.1043078899383545
 0.07530999183654785 0.1067771911621094
 0.08023190498352051 0.102942943572998
 0.100092887878418 0.1043980121612549
 0.0788428783416748 0.08737993240356445
 0.0794069766998291 0.08409500122070312
 0.07416892051696777 0.1024839878082275
 0.07217502593994141 0.09993100166320801
 0.06110191345214844 0.1109931468963623
 0.05524897575378418 0.09912705421447754
 0.05506300926208496 0.1048109531402588
 0.06866979598999023 0.1057121753692627
 0.06076693534851074 0.1058230400085449
 0.07521510124206543 0.1041309833526611
 0.07357406616210938 0.1023530960083008
 0.06114006042480469 0.1032099723815918
 0.05619502067565918 0.09002304077148438
 0.05318212509155273 0.1048009395599365
 0.05467391014099121 0.1048839092254639
 0.06730198860168457 0.09174704551696777
 0.06745195388793945 0.08533692359924316
 0.06001710891723633 0.07713794708251953
 0.06014800071716309 0.100848913192749
 0.05806112289428711 0.09746003150939941
 0.08288788795471191 0.1023948192596436
 0.08447885513305664 0.1028420925140381
 0.08301401138305664 0.1049730777740479
 0.06910586357116699 0.1052348613739014
 0.0586550235748291 0.1035230159759521
 0.05361604690551758 0.1024999618530273
 0.05235791206359863 0.09131217002868652
 0.05330991744995117 0.08658003807067871
 0.05252504348754883 0.08020997047424316
 0.05272817611694336 0.1075780391693115
 0.0527491569519043 0.1046290397644043
 0.0541689395904541 0.10260009765625
 0.05271005630493164 0.09376406669616699
 0.05287289619445801 0.1071610450744629
 0.05774092674255371 0.1089110374450684
 0.05220699310302734 0.09234094619750977
 0.05163908004760742 0.08513498306274414
 0.05420613288879395 0.1040680408477783
 0.06152105331420898 0.09190607070922852
 0.05696702003479004 0.1059038639068604
 0.0538489818572998 0.08900594711303711
 0.07742404937744141 0.0867459774017334
 0.0543830394744873 0.09904813766479492
 0.07469892501831055 0.1030070781707764
 0.07193207740783691 0.104996919631958
 0.06288290023803711 0.1047759056091309
 0.05901002883911133 0.1058120727539062
 0.05594491958618164 0.103126049041748
 0.05229806900024414 0.1013541221618652
 0.05176901817321777 0.1034560203552246
 0.08629798889160156 0.1043729782104492
 0.0824129581451416 0.08924412727355957
 0.08629202842712402 0.1039600372314453
 0.07270002365112305 0.09450006484985352
 0.07510900497436523 0.08332514762878418
 0.06156110763549805 0.1010799407958984
 0.05666112899780273 0.09161996841430664
 0.05264019966125488 0.1026618480682373
 0.05251193046569824 0.09014987945556641
 0.06096601486206055 0.1029059886932373
 0.05976700782775879 0.09467101097106934
 0.07988691329956055 0.08561086654663086
 0.06594014167785645 0.09959197044372559
 0.05918502807617188 0.1043450832366943
 0.05984377861022949 0.1063799858093262
 0.07150912284851074 0.0985109806060791
 0.05783319473266602 0.1037728786468506
 0.05537199974060059 0.1111490726470947
 0.05255985260009766 0.09526610374450684
 0.05188894271850586 0.1019880771636963
 0.07605981826782227 0.1026461124420166
 0.06551623344421387 0.09892487525939941
 0.05951619148254395 0.1057560443878174
 0.06950807571411133 0.1052360534667969
 0.07011318206787109 0.08981895446777344
 0.0817568302154541 0.09955120086669922
 0.07435107231140137 0.1006488800048828
 0.0739288330078125 0.1008999347686768
 0.06713294982910156 0.09938812255859375
 0.06151580810546875 0.0898590087890625
 0.05794405937194824 0.1044600009918213
 0.05405998229980469 0.105039119720459
 0.08667993545532227 0.1019411087036133
 0.0727241039276123 0.1031899452209473
 0.06571316719055176 0.1048212051391602
 0.08158183097839355 0.1058418750762939
 0.07270908355712891 0.09922504425048828
 0.08118414878845215 0.1036109924316406
 0.06678509712219238 0.08754587173461914
 0.06007003784179688 0.08067584037780762
 0.08455491065979004 0.1038141250610352
 0.07214593887329102 0.09104299545288086
 0.07679486274719238 0.1022899150848389
 0.08192896842956543 0.09139394760131836
 0.07024598121643066 0.07620406150817871
 0.06844401359558105 0.1001219749450684
 0.06915402412414551 0.1004540920257568
 0.05914998054504395 0.09626197814941406
 0.07524585723876953 0.1054420471191406
 0.08161211013793945 0.09672784805297852
 0.06850981712341309 0.1047561168670654
 0.05719685554504395 0.09065794944763184
 0.06363391876220703 0.1053040027618408
 0.06028485298156738 0.1021168231964111
 0.0535280704498291 0.1098439693450928
 0.05343103408813477 0.1033539772033691
 0.06561779975891113 0.100398063659668
 0.08217811584472656 0.08982586860656738
 0.08318209648132324 0.08345293998718262
 0.07079792022705078 0.1032838821411133
 0.06784200668334961 0.09026002883911133
 0.06628203392028809 0.08530497550964355
 0.06356596946716309 0.08804893493652344
 0.05480194091796875 0.07889389991760254
 0.05753397941589355 0.1060168743133545
 0.05345296859741211 0.1018319129943848
 0.05500006675720215 0.08913183212280273
 0.05386519432067871 0.08290696144104004
 0.07404208183288574 0.1103620529174805
 0.06867694854736328 0.1011788845062256
 0.0638279914855957 0.1049020290374756
 0.07219886779785156 0.09621000289916992
 0.06188488006591797 0.1047317981719971
 0.05643010139465332 0.1056671142578125
 0.07811093330383301 0.09495902061462402
 0.06926989555358887 0.0959479808807373
 0.05962109565734863 0.1029810905456543
 0.0542149543762207 0.08600997924804688
 0.05377507209777832 0.1022610664367676
 0.0812981128692627 0.1046090126037598
 0.07698893547058105 0.09148883819580078
 0.06691598892211914 0.08618998527526855
 0.07107186317443848 0.1029400825500488
 0.06428003311157227 0.1021411418914795
 0.05454301834106445 0.1050798892974854
 0.0519568920135498 0.1075952053070068
 0.06541585922241211 0.1054129600524902
 0.06137585639953613 0.09273791313171387
 0.05563116073608398 0.08444714546203613
 0.05202198028564453 0.08327603340148926
 0.05204582214355469 0.07527589797973633
 0.05247116088867188 0.0748131275177002
 0.05640912055969238 0.1002159118652344
 0.05351805686950684 0.0845339298248291
 0.05431509017944336 0.08500313758850098
 0.05558681488037109 0.1023778915405273
 0.0664060115814209 0.08695888519287109
 0.05748391151428223 0.1044900417327881
 0.05336308479309082 0.1029179096221924
 0.06321907043457031 0.09808206558227539
 0.05392789840698242 0.08650112152099609
 0.06223297119140625 0.07745099067687988
 0.0652000904083252 0.07228803634643555
 0.05897402763366699 0.09855890274047852
 0.05469799041748047 0.07748794555664062
 0.07717490196228027 0.1041250228881836
 0.0666050910949707 0.08644986152648926
 0.0772709846496582 0.1003758907318115
 0.06894302368164062 0.1035690307617188
 0.07310104370117188 0.1019608974456787
 0.0599970817565918 0.08786797523498535
 0.05936288833618164 0.077178955078125
 0.0537261962890625 0.1055660247802734
 0.05257201194763184 0.1013309955596924
 0.05220890045166016 0.1010499000549316
 0.05342578887939453 0.08685398101806641
 0.05668807029724121 0.10099196434021
 0.05380797386169434 0.09788703918457031
 0.05418014526367188 0.1034319400787354
 0.05356788635253906 0.1016988754272461
 0.052001953125 0.1114678382873535
 0.0793769359588623 0.1069440841674805
 0.06705093383789062 0.1036779880523682
 0.05841898918151855 0.09195899963378906
 0.05405688285827637 0.1045999526977539
 0.06903910636901855 0.1057100296020508
 0.06532812118530273 0.1006240844726562
 0.06140899658203125 0.1022160053253174
 0.06451010704040527 0.105006217956543
 0.07955002784729004 0.1043601036071777
 0.08485102653503418 0.1060290336608887
 0.07465195655822754 0.09719610214233398
 0.06679892539978027 0.104140043258667
 0.05964112281799316 0.1040840148925781
 0.0649111270904541 0.1054031848907471
 0.06205511093139648 0.09660816192626953
 0.08398580551147461 0.1048378944396973
 0.07196497917175293 0.1037499904632568
 0.07034802436828613 0.103888988494873
 0.06395912170410156 0.102431058883667
 0.05968785285949707 0.1028130054473877
 0.05586886405944824 0.1055450439453125
 0.06129193305969238 0.1042449474334717
 0.0719459056854248 0.1029481887817383
 0.06294584274291992 0.0932919979095459
 0.05605196952819824 0.09205484390258789
 0.06994199752807617 0.09453606605529785
 0.06079697608947754 0.1044480800628662
 0.05561995506286621 0.08897304534912109
 0.05618405342102051 0.1018989086151123
 0.05413007736206055 0.1056878566741943
 0.05158090591430664 0.1033110618591309
 0.07506990432739258 0.10617995262146
 0.06618404388427734 0.09235906600952148
 0.07348513603210449 0.08571004867553711
 0.06236600875854492 0.1009261608123779
 0.06629490852355957 0.09813714027404785
 0.05478715896606445 0.09837698936462402
 0.07155895233154297 0.1023509502410889
 0.05620789527893066 0.1009249687194824
 0.05452585220336914 0.1033360958099365
 0.05301094055175781 0.0888819694519043
 0.0649259090423584 0.1044340133666992
 0.08043503761291504 0.08938503265380859
 0.07132911682128906 0.0998988151550293
 0.06852006912231445 0.1037828922271729
 0.0599210262298584 0.1051390171051025
 0.05916500091552734 0.1038799285888672
 0.06501388549804688 0.09059596061706543
 0.0575261116027832 0.1049070358276367
 0.07977700233459473 0.08705306053161621
 0.06298184394836426 0.08077406883239746
 0.05768394470214844 0.1050457954406738
 0.05450606346130371 0.1044659614562988
 0.06598210334777832 0.1008820533752441
 0.06147384643554688 0.1053299903869629
 0.07895684242248535 0.1027779579162598
 0.09001302719116211 0.1021411418914795
 0.07192802429199219 0.1046059131622314
 0.05953788757324219 0.1043908596038818
 0.05237221717834473 0.09110307693481445
 0.0753629207611084 0.103971004486084
 0.08305788040161133 0.09144210815429688
 0.06986379623413086 0.1033799648284912
 0.07573699951171875 0.09553003311157227
 0.08361601829528809 0.08401703834533691
 0.07336616516113281 0.07895708084106445
 0.0707709789276123 0.07554411888122559
 0.06968998908996582 0.1051878929138184
 0.07681918144226074 0.08889603614807129
 0.08512115478515625 0.08179903030395508
 0.07201600074768066 0.08577799797058105
 0.06210494041442871 0.1076300144195557
 0.0575559139251709 0.1018428802490234
 0.0838170051574707 0.1017560958862305
 0.07006096839904785 0.08705377578735352
 0.08055901527404785 0.07855486869812012
 0.08333802223205566 0.07471394538879395
 0.08273005485534668 0.1016609668731689
 0.08166885375976562 0.09428286552429199
 0.08484196662902832 0.08843398094177246
 0.06890106201171875 0.1007301807403564
 0.07186198234558105 0.08524990081787109
 0.06032609939575195 0.0970759391784668
 0.05881595611572266 0.08885717391967773
 0.05413007736206055 0.1036951541900635
 0.05535697937011719 0.1028628349304199
 0.07387113571166992 0.1005949974060059
 0.08201789855957031 0.08991408348083496
 0.08351421356201172 0.08427095413208008
 0.07836103439331055 0.09559488296508789
 0.06846094131469727 0.09374308586120605
 0.0694279670715332 0.1053659915924072
 0.08425807952880859 0.104748010635376
 0.0662999153137207 0.09172892570495605
 0.05837893486022949 0.07832479476928711
 0.07290196418762207 0.1019721031188965
 0.06539702415466309 0.1006400585174561
 0.075347900390625 0.1024439334869385
 0.08164191246032715 0.09363102912902832
 0.07008004188537598 0.0836188793182373
 0.08261895179748535 0.1105828285217285
 0.07190704345703125 0.1033809185028076
 0.07135415077209473 0.103701114654541
 0.07587909698486328 0.1055760383605957
 0.06030511856079102 0.0910189151763916
 0.05320596694946289 0.0840299129486084
 0.05130600929260254 0.0803520679473877
 0.05201601982116699 0.07687997817993164
 0.07323694229125977 0.1041901111602783
 0.05818486213684082 0.1025948524475098
 0.05621099472045898 0.1008718013763428
 0.06621789932250977 0.1064400672912598
 0.06152486801147461 0.1037590503692627
 0.05754995346069336 0.1050310134887695
 0.05571818351745605 0.1004810333251953
 0.07617807388305664 0.1042318344116211
 0.06962394714355469 0.1043469905853271
 0.0617070198059082 0.1042590141296387
 0.05629897117614746 0.08927798271179199
 0.0529940128326416 0.08528900146484375
 0.05280900001525879 0.1022548675537109
 0.05434703826904297 0.09800505638122559
 0.05393385887145996 0.1078200340270996
 0.05386185646057129 0.1008970737457275
 0.05432915687561035 0.1055557727813721
 0.05218315124511719 0.1047401428222656
 0.05336213111877441 0.1035671234130859
 0.05341887474060059 0.09026980400085449
 0.08966588973999023 0.1070170402526855
 0.08504891395568848 0.1053769588470459
 0.07799696922302246 0.1054980754852295
 0.06763505935668945 0.1044259071350098
 0.05675792694091797 0.1041710376739502
 0.05459380149841309 0.1047039031982422
 0.07998991012573242 0.09549593925476074
 0.06511211395263672 0.08756899833679199
 0.05703210830688477 0.08514308929443359
 0.06954002380371094 0.08614301681518555
 0.06001901626586914 0.1018440723419189
 0.05707383155822754 0.1016139984130859
 0.1027989387512207 0.1086890697479248
 0.08630108833312988 0.09253621101379395
 0.08429384231567383 0.1018099784851074
 0.07401394844055176 0.1028010845184326
 0.08464694023132324 0.1033430099487305
 0.0704197883605957 0.1057610511779785
 0.0662531852722168 0.1022720336914062
 0.08262801170349121 0.1032369136810303
 0.07000494003295898 0.1043190956115723
 0.05727195739746094 0.1181190013885498
 0.07884407043457031 0.1017060279846191
 0.06035804748535156 0.1028439998626709
 0.0570671558380127 0.1032850742340088
 0.05424904823303223 0.1052050590515137
 0.05215001106262207 0.1034409999847412
 0.08504700660705566 0.101362943649292
 0.08241510391235352 0.1028361320495605
 0.07022404670715332 0.08979606628417969
 0.06351900100708008 0.09706592559814453
 0.08286499977111816 0.1039900779724121
 0.07036900520324707 0.1001260280609131
 0.06036615371704102 0.104733943939209
 0.05254912376403809 0.1032888889312744
 0.05289411544799805 0.09167814254760742
 0.05586719512939453 0.08128690719604492
 0.05364799499511719 0.09030818939208984
 0.05460309982299805 0.09879183769226074
 0.05603885650634766 0.09662604331970215
 0.05739998817443848 0.08899903297424316
 0.0555870532989502 0.0838468074798584
 0.05594491958618164 0.1010501384735107
 0.05221199989318848 0.08891510963439941
 0.07633495330810547 0.09908294677734375
 0.07476592063903809 0.1042089462280273
 0.06932282447814941 0.08948278427124023
 0.06222200393676758 0.08507800102233887
 0.05491209030151367 0.1012470722198486
 0.06330204010009766 0.1058349609375
 0.06418514251708984 0.09936618804931641
 0.05588102340698242 0.1022870540618896
 0.07398009300231934 0.1053059101104736
 0.06369209289550781 0.0895540714263916
 0.05731201171875 0.08548188209533691
 0.05435991287231445 0.07939410209655762
 0.05525088310241699 0.1005969047546387
 0.0565650463104248 0.08713912963867188
 0.06108903884887695 0.07720112800598145
 0.07583308219909668 0.07294607162475586
 0.06528806686401367 0.07935190200805664
 0.06780505180358887 0.07561397552490234
 0.06775712966918945 0.07404112815856934
 0.0630340576171875 0.09987807273864746
 0.07550692558288574 0.1056389808654785
 0.06549215316772461 0.1029090881347656
 0.05730390548706055 0.09934616088867188
 0.08205103874206543 0.08688998222351074
 0.06621885299682617 0.09870195388793945
 0.0601038932800293 0.1031529903411865
 0.05749893188476562 0.1060960292816162
 0.05257797241210938 0.09800386428833008
 0.05227994918823242 0.1069798469543457
 0.05912089347839355 0.1089780330657959
 0.05721211433410645 0.08854198455810547
 0.05309295654296875 0.08069586753845215
 0.08124017715454102 0.07649397850036621
 0.07499909400939941 0.0721440315246582
 0.06592512130737305 0.0720820426940918
 0.06107997894287109 0.07506299018859863
 0.05649900436401367 0.1015191078186035
 0.05541014671325684 0.08708000183105469
 0.05230808258056641 0.1025238037109375
 0.07355093955993652 0.1039562225341797
 0.0619349479675293 0.08845901489257812
 0.05392909049987793 0.1024508476257324
 0.06088995933532715 0.09120798110961914
 0.0695030689239502 0.1021900177001953
 0.06284785270690918 0.08761405944824219
 0.06047701835632324 0.1021289825439453
 0.05523800849914551 0.08753585815429688
 0.07112503051757812 0.08455514907836914
 0.06161093711853027 0.1058008670806885
 0.05604815483093262 0.1035659313201904
 0.0814368724822998 0.1024019718170166
 0.06935811042785645 0.1031589508056641
 0.06213784217834473 0.1013848781585693
 0.06150007247924805 0.1045560836791992
 0.07906293869018555 0.09370803833007812
 0.07008886337280273 0.08778214454650879
 0.08254814147949219 0.1031591892242432
 0.08245587348937988 0.1045870780944824
 0.06908798217773438 0.09862804412841797
 0.06038999557495117 0.1033289432525635
 0.05285382270812988 0.09380698204040527
 0.05159306526184082 0.1034641265869141
 0.05269408226013184 0.1066551208496094
 0.07048892974853516 0.09280490875244141
 0.06375408172607422 0.1036670207977295
 0.06856703758239746 0.1046991348266602
 0.08256721496582031 0.1018781661987305
 0.07066202163696289 0.1060829162597656
 0.06324601173400879 0.08796906471252441
 0.06923890113830566 0.08510208129882812
 0.06014800071716309 0.1006400585174561
 0.0595390796661377 0.1020970344543457
 0.05714201927185059 0.08816409111022949
 0.05466604232788086 0.09709906578063965
 0.0537419319152832 0.1064140796661377
 0.05669212341308594 0.09421110153198242
 0.07825303077697754 0.08568096160888672
 0.05932402610778809 0.07859206199645996
 0.05606389045715332 0.07820796966552734
 0.05421805381774902 0.0971519947052002
 0.0527191162109375 0.08529281616210938
 0.07177591323852539 0.1169381141662598
 0.0632178783416748 0.09978699684143066
 0.05425810813903809 0.1080000400543213
 0.08292293548583984 0.09238505363464355
 0.06561803817749023 0.08545088768005371
 0.06056904792785645 0.08802604675292969
 0.08196496963500977 0.07799696922302246
 0.06750392913818359 0.07365512847900391
 0.08127903938293457 0.09532594680786133
 0.07646512985229492 0.1019971370697021
 0.06664013862609863 0.1040050983428955
 0.06002998352050781 0.09248685836791992
 0.05682992935180664 0.07934880256652832
 0.05813694000244141 0.07926011085510254
 0.05815696716308594 0.09729194641113281
 0.07700490951538086 0.1058700084686279
 0.0643010139465332 0.1061661243438721
 0.05846786499023438 0.1047179698944092
 0.08097219467163086 0.1015520095825195
 0.08808493614196777 0.1051039695739746
 0.07040691375732422 0.107572078704834
 0.06253910064697266 0.09640288352966309
 0.05262994766235352 0.08967208862304688
 0.05422210693359375 0.1017329692840576
 0.05923604965209961 0.1049549579620361
 0.05670690536499023 0.1047091484069824
 0.07704782485961914 0.102341890335083
 0.07199001312255859 0.09452486038208008
 0.06323790550231934 0.104301929473877
 0.05950689315795898 0.09577417373657227
 0.06682085990905762 0.0893700122833252
 0.08121299743652344 0.1011528968811035
 0.06494522094726562 0.08765721321105957
 0.05903196334838867 0.1018970012664795
 0.05989289283752441 0.1039280891418457
 0.05515003204345703 0.08987188339233398
 0.05551290512084961 0.09976315498352051
 0.05527806282043457 0.1054551601409912
 0.05560111999511719 0.09100699424743652
 0.07656478881835938 0.1052680015563965
 0.06531596183776855 0.1083099842071533
 0.07483220100402832 0.09032797813415527
 0.0802760124206543 0.1022279262542725
 0.06799411773681641 0.09186911582946777
 0.06710100173950195 0.08460617065429688
 0.05689382553100586 0.09672212600708008
 0.05443501472473145 0.1066110134124756
 0.08222508430480957 0.09459114074707031
 0.08289194107055664 0.1043269634246826
 0.0862729549407959 0.09049296379089355
 0.0726170539855957 0.1021208763122559
 0.07339882850646973 0.1129660606384277
 0.08176589012145996 0.1009318828582764
 0.07419896125793457 0.1011719703674316
 0.06178092956542969 0.1038792133331299
 0.07233595848083496 0.09906601905822754
 0.06257390975952148 0.09767389297485352
 0.07252812385559082 0.08629608154296875
 0.0888679027557373 0.1001389026641846
 0.07113194465637207 0.09265589714050293
 0.07876300811767578 0.1064379215240479
 0.06734704971313477 0.1008908748626709
 0.06139802932739258 0.1021921634674072
 0.06002616882324219 0.08918595314025879
 0.05430006980895996 0.09002017974853516
 0.05415177345275879 0.08281898498535156
 0.05356907844543457 0.1040158271789551
 0.05389499664306641 0.1021440029144287
 0.07234001159667969 0.08834505081176758
 0.07718205451965332 0.102363109588623
 0.06744885444641113 0.1012539863586426
 0.06762790679931641 0.1052520275115967
 0.06126213073730469 0.09713411331176758
 0.05567693710327148 0.1018898487091064
 0.05367493629455566 0.1039659976959229
 0.05448508262634277 0.1001341342926025
 0.05896496772766113 0.1033351421356201
 0.05635499954223633 0.1044540405273438
 0.06923604011535645 0.1030988693237305
 0.0641939640045166 0.1015589237213135
 0.08407783508300781 0.08740687370300293
 0.0869297981262207 0.1044678688049316
 0.0658729076385498 0.1025781631469727
 0.05454611778259277 0.09070491790771484
 0.05310583114624023 0.1041369438171387
 0.07237100601196289 0.09302783012390137
 0.06373786926269531 0.08791303634643555
 0.06367301940917969 0.1031291484832764
 0.05844497680664062 0.1039969921112061
 0.05415105819702148 0.0857539176940918
 0.0533299446105957 0.07727599143981934
 0.05221009254455566 0.0753180980682373
 0.05430197715759277 0.07865381240844727
 0.05386090278625488 0.09995794296264648
 0.05303382873535156 0.1032180786132812
 0.0663599967956543 0.1045310497283936
 0.05853104591369629 0.1052620410919189
 0.06818699836730957 0.1075060367584229
 0.06875300407409668 0.1048588752746582
 0.06834983825683594 0.103909969329834
 0.05324816703796387 0.08787703514099121
 0.05282711982727051 0.1250548362731934
 0.05385899543762207 0.1051609516143799
 0.05579996109008789 0.1028430461883545
 0.05482006072998047 0.1062779426574707
 0.05447697639465332 0.09708499908447266
 0.05482602119445801 0.08050799369812012
 0.07587385177612305 0.1019101142883301
 0.07056593894958496 0.1073300838470459
 0.06042313575744629 0.1029970645904541
 0.05749607086181641 0.0933840274810791
 0.05674099922180176 0.09617495536804199
 0.05449318885803223 0.08555984497070312
 0.05363702774047852 0.0810091495513916
 0.0536961555480957 0.09476685523986816
 0.05456900596618652 0.1044371128082275
 0.05852794647216797 0.1058130264282227
 0.05225491523742676 0.1066150665283203
 0.07730984687805176 0.1053178310394287
 0.07074189186096191 0.1014161109924316
 0.06298303604125977 0.1054160594940186
 0.05780291557312012 0.09391593933105469
 0.05660915374755859 0.09734296798706055
 0.05260205268859863 0.08248305320739746
 0.053070068359375 0.07801103591918945
 0.05402588844299316 0.08175277709960938
 0.0792839527130127 0.08291387557983398
 0.06096196174621582 0.07649707794189453
 0.05855917930603027 0.09946608543395996
 0.05352091789245605 0.104647159576416
 0.06694293022155762 0.09394502639770508
 0.05678391456604004 0.08993101119995117
 0.05388998985290527 0.09647798538208008
 0.06998085975646973 0.1024649143218994
 0.05231499671936035 0.1019101142883301
 0.05086898803710938 0.1036701202392578
 0.05411100387573242 0.09218811988830566
 0.05292081832885742 0.1051120758056641
 0.05444097518920898 0.09522294998168945
 0.06068301200866699 0.1016960144042969
 0.06056904792785645 0.1040101051330566
 0.0535578727722168 0.1045238971710205
 0.0789639949798584 0.09077811241149902
 0.06723809242248535 0.08504080772399902
 0.06002187728881836 0.09724092483520508
 0.05560398101806641 0.08594918251037598
 0.0539391040802002 0.1024401187896729
 0.05362987518310547 0.1013081073760986
 0.06499409675598145 0.109346866607666
 0.07090115547180176 0.09755992889404297
 0.06250905990600586 0.08608508110046387
 0.05600905418395996 0.103065013885498
 0.07404994964599609 0.1117861270904541
 0.06527090072631836 0.1054248809814453
 0.08184289932250977 0.1025559902191162
 0.06740403175354004 0.1008739471435547
 0.08199810981750488 0.08853793144226074
 0.08434510231018066 0.07877683639526367
 0.07592296600341797 0.1059811115264893
 0.06511712074279785 0.09318399429321289
 0.07027506828308105 0.1031410694122314
 0.06448698043823242 0.08913493156433105
 0.05971384048461914 0.1078548431396484
 0.05398106575012207 0.09146690368652344
 0.05254793167114258 0.08586907386779785
 0.07699203491210938 0.1031398773193359
 0.06255912780761719 0.1018760204315186
 0.05612301826477051 0.106982946395874
 0.06346011161804199 0.09241199493408203
 0.0767059326171875 0.08263897895812988
 0.08192896842956543 0.09202098846435547
 0.08154082298278809 0.1015019416809082
 0.06692004203796387 0.08842587471008301
 0.08133482933044434 0.1038069725036621
 0.08278489112854004 0.0944359302520752
 0.07119894027709961 0.08298015594482422
 0.09368896484375 0.1065328121185303
 0.08881092071533203 0.1029360294342041
 0.07065486907958984 0.1046369075775146
 0.07177996635437012 0.1049098968505859
 0.08461308479309082 0.1025741100311279
 0.07277989387512207 0.1053650379180908
 0.06565403938293457 0.08877396583557129
 0.08241415023803711 0.1008989810943604
 0.07878708839416504 0.08828616142272949
 0.08468294143676758 0.09937310218811035
 0.08349704742431641 0.1018078327178955
 0.06576108932495117 0.1034958362579346
 0.06046009063720703 0.104578971862793
 0.06281805038452148 0.09189605712890625
 0.0588529109954834 0.1052510738372803
 0.05574297904968262 0.1034219264984131
 0.05532503128051758 0.1033129692077637
 0.08099102973937988 0.1022570133209229
 0.07332301139831543 0.08664798736572266
 0.06338787078857422 0.08462309837341309
 0.05968904495239258 0.1022000312805176
 0.05484604835510254 0.08966898918151855
 0.05665111541748047 0.1043839454650879
 0.05595588684082031 0.0897519588470459
 0.05484604835510254 0.09608292579650879
 0.06420183181762695 0.09616804122924805
 0.05444097518920898 0.1225109100341797
 0.05444097518920898 0.09607911109924316
 0.05367493629455566 0.1045558452606201
 0.0550239086151123 0.09294605255126953
 0.05581378936767578 0.09723496437072754
 0.06420397758483887 0.09937596321105957
 0.07236719131469727 0.08870506286621094
 0.06576299667358398 0.0790560245513916
 0.0565948486328125 0.101003885269165
 0.05844283103942871 0.1062729358673096
 0.08666801452636719 0.1017119884490967
 0.06637692451477051 0.1044430732727051
 0.05624699592590332 0.0889592170715332
 0.05601119995117188 0.07677602767944336
 0.0538489818572998 0.09687900543212891
 0.06886100769042969 0.1047749519348145
 0.08018398284912109 0.1030409336090088
 0.07860112190246582 0.08884382247924805
 0.08482003211975098 0.1059629917144775
 0.0726010799407959 0.1051762104034424
 0.05877900123596191 0.09013485908508301
 0.05359601974487305 0.101848840713501
 0.05332803726196289 0.0895850658416748
 0.05414986610412598 0.1015658378601074
 0.05243515968322754 0.1015689373016357
 0.06459212303161621 0.1027309894561768
 0.05764484405517578 0.1029391288757324
 0.05504798889160156 0.09128499031066895
 0.05250191688537598 0.1031818389892578
 0.05403017997741699 0.1063399314880371
 0.08403205871582031 0.08984613418579102
 0.07198381423950195 0.08061981201171875
 0.06068181991577148 0.07814216613769531
 0.07050490379333496 0.08285689353942871
 0.05866289138793945 0.07907700538635254
 0.05458498001098633 0.07273006439208984
 0.05360007286071777 0.1034319400787354
 0.05261397361755371 0.1053919792175293
 0.05243110656738281 0.09075403213500977
 0.05257415771484375 0.0839390754699707
 0.05296111106872559 0.1003129482269287
 0.06060886383056641 0.1031720638275146
 0.07031416893005371 0.08802294731140137
 0.06127405166625977 0.1018190383911133
 0.06308603286743164 0.08506202697753906
 0.05724501609802246 0.1022019386291504
 0.0799870491027832 0.08747100830078125
 0.06451296806335449 0.1047079563140869
 0.05695796012878418 0.1021490097045898
 0.05668091773986816 0.1049408912658691
 0.09122419357299805 0.103024959564209
 0.08153200149536133 0.09113502502441406
 0.07063889503479004 0.1026809215545654
 0.06205391883850098 0.1055819988250732
 0.06071186065673828 0.1096649169921875
 0.05566000938415527 0.09388494491577148
 0.05487394332885742 0.09939193725585938
 0.05434203147888184 0.1015839576721191
 0.05392789840698242 0.1007850170135498
 0.05684995651245117 0.1015801429748535
 0.05842185020446777 0.08859395980834961
 0.05314111709594727 0.1068389415740967
 0.05460309982299805 0.1028220653533936
 0.05555200576782227 0.1062848567962646
 0.05412006378173828 0.1003010272979736
 0.05679798126220703 0.1035699844360352
 0.06428694725036621 0.1028878688812256
 0.06275701522827148 0.09195995330810547
 0.08110690116882324 0.08884477615356445
 0.06800103187561035 0.1016910076141357
 0.05970907211303711 0.1060869693756104
 0.05978202819824219 0.1054351329803467
 0.05349206924438477 0.1047461032867432
 0.0567939281463623 0.09000301361083984
 0.05235600471496582 0.08001112937927246
 0.05715203285217285 0.1021780967712402
 0.07007384300231934 0.1065301895141602
 0.08586406707763672 0.1029582023620605
 0.0824129581451416 0.1038131713867188
 0.06917309761047363 0.1019661426544189
 0.06274986267089844 0.1052360534667969
 0.08015799522399902 0.1057641506195068
 0.07828998565673828 0.08690190315246582
 0.06463098526000977 0.1043610572814941
 0.0630638599395752 0.101233959197998
 0.07067298889160156 0.1059398651123047
 0.08153605461120605 0.09272313117980957
 0.06971216201782227 0.10400390625
 0.06916999816894531 0.1054680347442627
 0.0599520206451416 0.09138917922973633
 0.05692219734191895 0.1069488525390625
 0.05530381202697754 0.1052200794219971
 0.05261397361755371 0.09265589714050293
 0.08241915702819824 0.103302001953125
 0.06561183929443359 0.1002547740936279
 0.05876493453979492 0.09508705139160156
 0.05442595481872559 0.08828592300415039
 0.0547339916229248 0.10402512550354
 0.0535578727722168 0.1003460884094238
 0.05926704406738281 0.1028439998626709
 0.07916808128356934 0.09627699851989746
 0.08029603958129883 0.09993791580200195
 0.06490397453308105 0.09083700180053711
 0.06841087341308594 0.08431887626647949
 0.06801104545593262 0.1009931564331055
 0.0610649585723877 0.08495092391967773
 0.05721497535705566 0.09884119033813477
 0.08542799949645996 0.08952808380126953
 0.07220077514648438 0.1008529663085938
 0.06274890899658203 0.0892481803894043
 0.0569610595703125 0.08913898468017578
 0.05341410636901855 0.1011090278625488
 0.05573296546936035 0.1049818992614746
 0.0644838809967041 0.102863073348999
 0.05349183082580566 0.1031858921051025
 0.06403207778930664 0.09172391891479492
 0.05953693389892578 0.103132963180542
 0.05778598785400391 0.08903288841247559
 0.0536191463470459 0.1095108985900879
 0.0836789608001709 0.09404993057250977
 0.07047200202941895 0.1008610725402832
 0.06346917152404785 0.1035721302032471
 0.05947208404541016 0.1047568321228027
 0.05302190780639648 0.1113450527191162
 0.05292487144470215 0.09643793106079102
 0.07072901725769043 0.08752298355102539
 0.07097387313842773 0.07938480377197266
 0.05813097953796387 0.1047379970550537
 0.07809996604919434 0.09125590324401855
 0.07123303413391113 0.1002910137176514
 0.08263993263244629 0.1037158966064453
 0.06717395782470703 0.1039218902587891
 0.06738686561584473 0.09948992729187012
 0.05855298042297363 0.1060030460357666
 0.05310893058776855 0.1016108989715576
 0.05323314666748047 0.106360912322998
 0.05378103256225586 0.09002494812011719
 0.07987308502197266 0.084075927734375
 0.05999302864074707 0.0778510570526123
 0.05449795722961426 0.07555389404296875
 0.05456399917602539 0.07352995872497559
 0.05871200561523438 0.09900808334350586
 0.07671999931335449 0.09321498870849609
 0.06880593299865723 0.09987020492553711
 0.08346319198608398 0.09035706520080566
 0.06953597068786621 0.1060140132904053
 0.0713810920715332 0.08755898475646973
 0.06319093704223633 0.07910394668579102
 0.06545901298522949 0.1036531925201416
 0.05927801132202148 0.1022698879241943
 0.05401992797851562 0.1032400131225586
 0.07781600952148438 0.09257602691650391
 0.05788183212280273 0.1137421131134033
 0.06346392631530762 0.09689497947692871
 0.07020688056945801 0.09018397331237793
 0.06755805015563965 0.104619026184082
 0.06170296669006348 0.1080539226531982
 0.05806112289428711 0.100348949432373
 0.05223393440246582 0.1089911460876465
 0.05538797378540039 0.1025209426879883
 0.06172299385070801 0.109699010848999
 0.05979514122009277 0.1018328666687012
 0.05617403984069824 0.1026248931884766
 0.07041501998901367 0.09188508987426758
 0.07942795753479004 0.1031849384307861
 0.07107710838317871 0.08717989921569824
 0.0610201358795166 0.0847470760345459
 0.08156991004943848 0.09247493743896484
 0.06858491897583008 0.09982585906982422
 0.06231212615966797 0.1032309532165527
 0.08191609382629395 0.09186291694641113
 0.07036709785461426 0.1057047843933105
 0.08020401000976562 0.1045200824737549
 0.06851983070373535 0.1036038398742676
 0.05917692184448242 0.09017395973205566
 0.05736708641052246 0.1021289825439453
 0.05637097358703613 0.08978390693664551
 0.05940103530883789 0.1079189777374268
 0.07109999656677246 0.09250879287719727
 0.06159400939941406 0.1018719673156738
 0.05552220344543457 0.09558916091918945
 0.05316591262817383 0.0881350040435791
 0.05384302139282227 0.1056079864501953
 0.05485296249389648 0.1015408039093018
 0.05561089515686035 0.1025168895721436
 0.07828211784362793 0.09104084968566895
 0.08184289932250977 0.1034579277038574
 0.07333087921142578 0.09792590141296387
 0.07348394393920898 0.09114885330200195
 0.06559610366821289 0.1017651557922363
 0.05979084968566895 0.08860898017883301
 0.06743717193603516 0.07973814010620117
 0.05883193016052246 0.07666611671447754
 0.05306291580200195 0.07252907752990723
 0.05457115173339844 0.07650184631347656
 0.05613398551940918 0.09299397468566895
 0.0544891357421875 0.08789896965026855
 0.07559680938720703 0.07828807830810547
 0.06573700904846191 0.1013162136077881
 0.05940508842468262 0.09227490425109863
 0.05776000022888184 0.1011810302734375
 0.05212187767028809 0.1055228710174561
 0.06122803688049316 0.1048681735992432
 0.0524599552154541 0.102492094039917
 0.05391907691955566 0.09596419334411621
 0.05951309204101562 0.08451104164123535
 0.05739283561706543 0.0758509635925293
 0.05362510681152344 0.1022322177886963
 0.05264115333557129 0.09021997451782227
 0.07598280906677246 0.08416414260864258
 0.08412408828735352 0.07857394218444824
 0.06954407691955566 0.0988619327545166
 0.05973005294799805 0.1062400341033936
 0.05365991592407227 0.09211587905883789
 0.05200386047363281 0.1091649532318115
 0.08003687858581543 0.1031148433685303
 0.07152414321899414 0.08898615837097168
 0.07869291305541992 0.08383989334106445
 0.06304311752319336 0.07996010780334473
 0.0581059455871582 0.07618212699890137
 0.05404186248779297 0.1023838520050049
 0.05370998382568359 0.1049528121948242
 0.06640005111694336 0.08880782127380371
 0.05996799468994141 0.08321285247802734
 0.08308100700378418 0.1052980422973633
 0.06491804122924805 0.105072021484375
 0.0606839656829834 0.1023960113525391
 0.05401802062988281 0.09479093551635742
 0.05363607406616211 0.08437395095825195
 0.05627012252807617 0.08480596542358398
 0.08165311813354492 0.09984493255615234
 0.06778192520141602 0.09990382194519043
 0.06182193756103516 0.1039369106292725
 0.06741499900817871 0.09972286224365234
 0.07540011405944824 0.1039688587188721
 0.0811760425567627 0.1069109439849854
 0.07164096832275391 0.1035819053649902
 0.06229209899902344 0.1060030460357666
 0.06097888946533203 0.09057188034057617
 0.06715011596679688 0.1025049686431885
 0.06116104125976562 0.1052229404449463
 0.0542290210723877 0.1023349761962891
 0.05141210556030273 0.1050329208374023
 0.06694293022155762 0.1035149097442627
 0.05761003494262695 0.09820199012756348
 0.08070802688598633 0.1031270027160645
 0.07590508460998535 0.1091010570526123
 0.08340811729431152 0.09990406036376953
 0.08116412162780762 0.1034870147705078
 0.06598114967346191 0.0906379222869873
 0.05655193328857422 0.1003730297088623
 0.0541069507598877 0.1046249866485596
 0.08169388771057129 0.1033458709716797
 0.07442808151245117 0.08716011047363281
 0.06225991249084473 0.09946513175964355
 0.0554351806640625 0.1038978099822998
 0.05388617515563965 0.1039831638336182
 0.05863618850708008 0.10418701171875
 0.06996011734008789 0.09138798713684082
 0.07796597480773926 0.1025419235229492
 0.0668799877166748 0.104464054107666
 0.05884408950805664 0.1013798713684082
 0.08195614814758301 0.08687400817871094
 0.06843900680541992 0.09966707229614258
 0.07594895362854004 0.08446002006530762
 0.08822083473205566 0.09857416152954102
 0.07280206680297852 0.1029748916625977
 0.08343195915222168 0.1030979156494141
 0.08589291572570801 0.101499080657959
 0.08500409126281738 0.1069478988647461
 0.08455204963684082 0.1075029373168945
 0.07252597808837891 0.1038470268249512
 0.06357908248901367 0.0901641845703125
 0.05824398994445801 0.103085994720459
 0.05480790138244629 0.09669089317321777
 0.06926488876342773 0.08841896057128906
 0.0788421630859375 0.09887099266052246
 0.06503915786743164 0.1054618358612061
 0.05583810806274414 0.09788298606872559
 0.05377602577209473 0.09430599212646484
 0.05189609527587891 0.1048190593719482
 0.05200982093811035 0.08923196792602539
 0.0541989803314209 0.1022179126739502
 0.05447101593017578 0.08753609657287598
 0.05352687835693359 0.09967398643493652
 0.05275201797485352 0.08664298057556152
 0.05331707000732422 0.1031138896942139
 0.05197691917419434 0.09277892112731934
 0.0567169189453125 0.1018669605255127
 0.06313395500183105 0.08626198768615723
 0.05425882339477539 0.0816800594329834
 0.05394911766052246 0.1041860580444336
 0.05459713935852051 0.1034090518951416
 0.06457996368408203 0.09394288063049316
 0.06098294258117676 0.0980072021484375
 0.07664895057678223 0.08440709114074707
 0.06466507911682129 0.07248497009277344
 0.05674004554748535 0.08577895164489746
 0.05877208709716797 0.1015169620513916
 0.05681300163269043 0.08794307708740234
 0.05411791801452637 0.1017580032348633
 0.06998300552368164 0.1017651557922363
 0.06947422027587891 0.1034951210021973
 0.06189799308776855 0.101078987121582
 0.06118392944335938 0.08892917633056641
 0.08274102210998535 0.1125319004058838
 0.0861051082611084 0.09612703323364258
 0.07437396049499512 0.09299898147583008
 0.06737112998962402 0.09906196594238281
 0.05989503860473633 0.1026339530944824
 0.07933878898620605 0.1052210330963135
 0.0714881420135498 0.09230303764343262
 0.06403803825378418 0.1037209033966064
 0.0785679817199707 0.1039440631866455
 0.06520986557006836 0.09911608695983887
 0.0559699535369873 0.1047229766845703
 0.05566501617431641 0.09373092651367188
 0.0543818473815918 0.1074340343475342
 0.08088278770446777 0.1059629917144775
 0.06677889823913574 0.09078407287597656
 0.06001496315002441 0.1013860702514648
 0.06767892837524414 0.08905482292175293


